1 12624U 81070A   24089.59600568  .00000126  00000+0  35440-3 0  9990
2 12624  90.7226  40.7622 6187884 113.1529 321.2582  3.52703071696594
1 21706U 91065A   24088.25894068  .00001171  00000+0  00000+0 0  9999
2 21706  63.9254  87.0243 7207807 251.3750  23.4363  2.04338399240148
1 00022U 59009A   24090.17700773  .00006452  00000+0  39792-3 0  9993
2 00022  50.2788  70.2508 0115761 161.4773 199.0445 15.05681191432455
1 04168U 69082H   24089.92269805  .00000152  00000+0  14961-3 0  9999
2 04168  70.0166  26.5726 0017216 103.8097 256.4926 13.95756960775154
1 00671U 63038C   24090.19827605  .00000154  00000+0  24501-3 0  9991
2 00671  89.9975 334.6717 0041105 146.0687 214.3102 13.45032653966867
1 14977U 84047A   24089.34093692 -.00000061  00000+0  00000+0 0  9996
2 14977  66.6168 354.5506 0015608 221.6544 344.9743  2.13099648 86623
1 16962U 86071B   24085.14415354  .00000059  00000+0  00000+0 0  9994
2 16962  64.4719 100.3759 0011475  37.7750 323.6738  2.13102944291908
1 36828U 10036A   24090.64151734 -.00000103  00000+0  00000+0 0  9996
2 36828  54.2446 170.2817 0039915 198.1117 156.1317  1.00249649 50098
1 37746U 11034A   24090.54797519 -.00000074  00000+0  00000+0 0  9998
2 37746   3.1862  86.7527 0002804 154.3784  70.1870  0.98859299 35336
1 43764U 18099G   24090.15708013  .00011825  00000+0  75414-3 0  9991
2 43764  97.5274 155.4721 0016451 211.5362 148.4882 15.08747869291060
1 27663U 03005A   24090.14444829  .00000042  00000+0  00000+0 0  9997
2 27663  55.1431 247.1387 0138255  47.1364 120.0792  2.00554066155084
1 32384U 07062A   24088.61260255 -.00000023  00000+0  00000+0 0  9998
2 32384  55.7063 306.5631 0026124 146.9693  37.0255  2.00570067119252